NOAA 9                  
1 15427U 84123A   02318.62530089  .00000151  00000-0  10019-3 0  6284
2 15427  98.6829  23.9225 0015500 130.9794 229.2728 14.14977296924579
NOAA 10                 
1 16969U 86073A   02318.98174463  .00000490  00000-0  21966-3 0  5627
2 16969  98.7226 308.3398 0013030   9.5552 350.5874 14.27006995840270
NOAA 11                 
1 19531U 88089A   02318.94845465  .00000461  00000-0  26379-3 0  3963
2 19531  98.9113  35.5938 0012377 112.2177 248.0308 14.14478055729288
NOAA 12                 
1 21263U 91032A   02318.99350473  .00000863  00000-0  38715-3 0  8626
2 21263  98.6174 305.2999 0012152 303.8806  56.1216 14.24987740597601
NOAA 14                 
1 23455U 94089A   02318.96945592  .00000343  00000-0  20830-3 0  4229
2 23455  99.1925 330.0148 0009809 134.4431 225.7543 14.13247491405970
NOAA 15                 
1 25338U 98030A   02318.98272207  .00000443  00000-0  21074-3 0  8977
2 25338  98.5587 338.7061 0009701 234.1536 125.8746 14.24184965234190
NOAA 16                 
1 26536U 00055A   02318.69833372  .00000779  00000-0  45115-3 0   798
2 26536  98.8882 262.7584 0009828 214.4794 145.5730 14.11832854110621
NOAA 17                 
1 27453U 02032A   02318.95623812  .00000604  00000-0  28671-3 0  1964
2 27453  98.7710  25.6034 0011058 275.2259  84.7656 14.23213760 20368
