SARSAT 4 (NOAA 11)      
1 19531U 88089A   02348.86991476  .00000314  00000-0  18688-3 0  4312
2 19531  98.9096  65.4428 0012184  32.0645 328.1265 14.14499193733518
COSPAS 4 (NADEZHDA 1)   
1 20103U 89050A   02346.92422664  .00000087  00000-0  75986-4 0  6269
2 20103  82.9583 160.7423 0036426 293.5320  66.2024 13.74191469674092
GOES 8                  
1 23051U 94022A   02349.23071762 -.00000230  00000-0  00000+0 0  5197
2 23051   0.4638  97.4912 0002363 159.9136 194.7771  1.00270577 39157
SARSAT 6 (NOAA 14)      
1 23455U 94089A   02348.84604675  .00000260  00000-0  16363-3 0  4520
2 23455  99.1897   0.6833 0009975  55.9503 304.2614 14.13265865410197
GOES 9                  
1 23581U 95025A   02348.30566128 -.00000062  00000-0  00000+0 0  4317
2 23581   0.4965  95.6415 0006916 240.5930 110.1279  1.00272612 27708
GOES 10                 
1 24786U 97019A   02348.75659653  .00000110  00000-0  00000+0 0  4622
2 24786   0.0333 270.8042 0002104  10.2429 299.0977  1.00268078 20676
SARSAT 7 (NOAA 15)      
1 25338U 98030A   02348.91136892  .00000295  00000-0  14654-3 0  9345
2 25338  98.5535   7.8349 0010758 144.1286 216.0618 14.24206521238459
COSPAS 9 (NADEZHDA 6)   
1 26384U 00033A   02346.97449614  .00001531  00000-0  30863-3 0  6808
2 26384  98.2469 301.8532 0017472  80.2281 280.0892 14.62826988131049
SARSAT 8 (NOAA 16)      
1 26536U 00055A   02348.74669366  .00000603  00000-0  35453-3 0  1248
2 26536  98.8923 292.5470 0011017 128.3773 231.8390 14.11859717114863
NOAA 17                 
1 27453U 02032A   02348.83480071  .00000462  00000-0  22381-3 0  2327
2 27453  98.7666  55.3583 0011582 183.4668 176.6430 14.23242955 24614
NADEZHDA 7              
1 27534U 02046A   02347.23291307  .00000078  00000-0  68174-4 0   374
2 27534  82.9342 192.8298 0037655  67.3629 293.1501 13.72415039 10657
