LANDSAT 4               
1 13367U 82072A   08112.30844392 -.00000148  00000-0 -59932-5 0  6382
2 13367  98.2133 357.4872 0018987 306.0047  53.9415 15.02006300381182
TDRS 1                  
1 13969U 83026B   08112.75670764 -.00000296  00000-0  10000-3 0  6204
2 13969  13.0097  12.4221 0022297 234.8497 186.3105  1.00279553 64771
LANDSAT 5               
1 14780U 84021A   08113.11216134  .00000045  00000-0  19974-4 0  2465
2 14780  98.1514 180.9088 0006426 337.7948  22.2979 14.57140410284061
ERBS                    
1 15354U 84108B   08112.29992446  .00000977  00000-0  66358-4 0  8327
2 15354  56.9849  96.6548 0019368  31.0966 329.1216 15.15481971288094
TDRS 3                  
1 19548U 88091B   08112.58011014 -.00000183  00000-0  10000-3 0   476
2 19548  11.0144  44.0223 0019216 301.7548 157.6821  1.00267355 58914
TDRS 4                  
1 19883U 89021B   08111.54563337 -.00000275  00000-0  10000-3 0  3348
2 19883   9.5542  56.5499 0002624 326.6259 336.4131  1.00272470242474
HST                     
1 20580U 90037B   08112.00431167  .00000377  00000-0  16326-4 0  1180
2 20580  28.4695 336.1807 0003839 137.3622 222.7265 15.00367540786385
TDRS 5                  
1 21639U 91054B   08112.28973704  .00000098  00000-0  10000-3 0  1995
2 21639   8.8787  60.5328 0001911 296.0175 146.1345  1.00270864 61231
UARS                    
1 21701U 91063B   08112.20966689  .00007307  00000-0  11023-3 0  3450
2 21701  56.9732  49.9411 0090755  72.6067 288.4875 15.51380950913650
TOPEX/POSEIDON          
1 22076U 92052A   08113.18799459 -.00000038  00000-0  10000-3 0  1730
2 22076  66.0399 225.1827 0007540 268.8110  91.2042 12.80941931734326
TDRS 6                  
1 22314U 93003B   08111.64288207  .00000088  00000-0  10000-3 0  2785
2 22314   8.2052  63.7619 0004049 301.7925 261.2710  1.00266044 55942
TDRS 7                  
1 23613U 95035B   08111.63751781  .00000125  00000-0  10000-3 0  3037
2 23613  10.1164  52.7567 0004128 326.4838 268.8043  1.00282183 46759
XTE                     
1 23757U 95074A   08112.49435635  .00001404  00000-0  34931-4 0  5977
2 23757  22.9834 158.9901 0007482 115.1606 244.9660 15.26714643681238
TRMM                    
1 25063U 97074A   08111.81305515  .00004495  00000-0  62812-4 0  7557
2 25063  34.9667 252.1757 0000980 301.8213  58.2414 15.56178128594261
ETS 7                   
1 25064U 97074B   08113.18316424  .00000424  00000-0  18144-4 0  5163
2 25064  34.9592 168.8572 0002131  43.6195 316.4692 15.24733962576701
ISS (ZARYA)             
1 25544U 98067A   08113.30398148  .00035166  00000-0  21325-3 0  3507
2 25544  51.6429 304.3757 0004006  59.0993 290.3891 15.77180569539708
LANDSAT 7               
1 25682U 99020A   08113.21584857  .00000001  00000-0  10165-4 0  3280
2 25682  98.1953 181.2081 0001543  78.3014 281.8379 14.57115463479776
FUSE 1                  
1 25791U 99035A   08112.82816826  .00000170  00000-0 -30590-5 0  1671
2 25791  24.9850  30.9349 0010828 167.8739 192.2042 14.41767148465527
TERRA                   
1 25994U 99068A   08113.09754082 -.00000039  00000-0  14557-5 0  5142
2 25994  98.2125 188.0444 0000712 104.8299 255.2980 14.57099346443831
TDRS 8                  
1 26388U 00034A   08112.65753311 -.00000214  00000-0  10000-3 0  7054
2 26388   0.6831 164.7326 0003377 241.2055 129.8504  1.00277322 28705
EO 1                    
1 26619U 00075A   08113.13713609  .00000603  00000-0  13020-3 0  8873
2 26619  98.1482 180.5252 0009387 177.6528 182.4749 14.61750758394751
TIMED                   
1 26998U 01055B   08112.47451832  .00000056  00000-0  11024-4 0    18
2 26998  74.0702 103.9757 0002021 292.1699  67.9270 14.83991370344963
TDRS 9                  
1 27389U 02011A   08112.29595616 -.00000274  00000-0  10000-3 0  2102
2 27389   3.3172 248.6765 0003379 250.7360 114.1177  1.00279242 23958
AQUA                    
1 27424U 02022A   08112.49872620  .00000130  00000-0  38856-4 0  7632
2 27424  98.2279  53.7406 0001181  64.4953 295.6360 14.57117401317356
TDRS 10                 
1 27566U 02055A   08109.66668391 -.00000270  00000-0  10000-3 0  9377
2 27566   2.1414 278.9965 0003282  84.5641  42.8112  1.00272346 19754
SORCE                   
1 27651U 03004A   08112.52170870  .00000052  00000-0  22221-4 0  5873
2 27651  39.9956 119.3682 0026200 294.3283  65.4769 14.82058264283713
GALEX                   
1 27783U 03017A   08112.92966085  .00000288  00000-0  37775-4 0  3844
2 27783  28.9998 302.5321 0004020 275.0072  85.0069 14.59675935266173
GP-B                    
1 28230U 04014A   08112.66600190  .00000130  00000-0  16706-4 0  2052
2 28230  89.9553 160.3838 0002459 104.5803 255.5675 14.75911286215609
AURA                    
1 28376U 04026A   08112.98600275  .00000066  00000-0  24691-4 0  1829
2 28376  98.2264  56.3983 0001128  64.0875 296.0444 14.57167740200479
SWIFT                   
1 28485U 04047A   08112.66646114  .00000756  00000-0  33492-4 0  9890
2 28485  20.5575 216.0610 0013995 222.3536 137.5820 14.92389099186611
