AO-10                   
1 14129U 83058B   02091.93171597 -.00000203  00000-0  10000-3 0  8691
2 14129  25.7910 219.6611 6078924 237.9181  49.0058  2.05871381113428
UO-11                   
1 14781U 84021B   02093.95722017  .00004224  00000-0  61415-3 0  7948
2 14781  98.0754  61.6718 0010254 153.5496 206.6239 14.76434392968903
RS-10/11                
1 18129U 87054A   02094.29912059  .00000157  00000-0  15454-3 0   634
2 18129  82.9275  23.3998 0012998  42.6564 317.5598 13.72649515740570
UO-14                   
1 20437U 90005B   02093.66262742  .00000477  00000-0  19659-3 0  9260
2 20437  98.3154 146.8008 0011740  74.3659 285.8819 14.31048117636592
UO-15                   
1 20438U 90005C   02094.57255332  .00000380  00000-0  16309-3 0  6695
2 20438  98.2859 138.3013 0010836  79.8611 280.3805 14.30049311636422
AO-16                   
1 20439U 90005D   02094.21558735  .00000582  00000-0  23584-3 0  7104
2 20439  98.3598 157.1336 0011996  78.3369 281.9155 14.31244415636702
DO-17                   
1 20440U 90005E   02093.77515935  .00000666  00000-0  26630-3 0  6658
2 20440  98.3769 159.8784 0011962  77.0508 283.2005 14.31500297636706
WO-18                   
1 20441U 90005F   02094.21520450  .00000608  00000-0  24538-3 0  7615
2 20441  98.3765 159.7101 0012659  78.9217 281.3388 14.31330800636755
LO-19                   
1 20442U 90005G   02093.74012393  .00000585  00000-0  23588-3 0  7297
2 20442  98.3913 161.7224 0012865  76.8642 283.3976 14.31486512636733
FO-20                   
1 20480U 90013C   02093.97024050 -.00000006  00000-0  57807-4 0  3990
2 20480  99.0247 112.5286 0540838  10.5028 350.6873 12.83313613569391
AO-21                   
1 21087U 91006A   02094.57353837  .00000175  00000-0  16712-3 0  4718
2 21087  82.9455 194.3692 0036897  62.3893 298.1002 13.74872569560916
RS-12/13                
1 21089U 91007A   02093.92501745  .00000138  00000-0  12902-3 0  4224
2 21089  82.9200  59.2937 0030933  98.4937 261.9719 13.74352216559745
UO-22                   
1 21575U 91050B   02094.57995409  .00001056  00000-0  35671-3 0  4686
2 21575  98.1267  98.2734 0008077  28.2014 331.9611 14.38774027562265
KO-23                   
1 22077U 92052B   02094.18426491 -.00000037  00000-0  10000-3 0   789
2 22077  66.0863  76.6690 0001949 348.4585  11.6390 12.86390940453096
AO-27                   
1 22825U 93061C   02093.96129198  .00000476  00000-0  20548-3 0  2382
2 22825  98.3140 134.3727 0009375 123.7375 236.4702 14.28748671444098
IO-26                   
1 22826U 93061D   02094.10960187  .00000545  00000-0  23188-3 0  1672
2 22826  98.3160 135.4673 0009565 122.4245 237.7858 14.28952549444150
KO-25                   
1 22828U 93061F   02093.67953464  .00000447  00000-0  19156-3 0  1834
2 22828  98.3112 135.3096 0010630 103.5059 256.7309 14.29323325412281
POSAT                   
1 22829U 93061G   02093.94851494  .00000620  00000-0  25880-3 0  2100
2 22829  98.3133 136.0132 0010634 105.4190 254.8162 14.29504759444244
RS-15                   
1 23439U 94085A   02093.40527444 -.00000040  00000-0  64359-4 0  6163
2 23439  64.8158 200.8328 0156362 175.6168 184.6165 11.27544804299383
FO-29                   
1 24278U 96046B   02093.93697988  .00000018  00000-0  56548-4 0  4953
2 24278  98.5141 284.2094 0350934 328.1069  29.9247 13.52832087277957
MO-30                   
1 24305U 96052B   02093.64883826  .00000205  00000-0  20364-3 0  5930
2 24305  82.9335 140.0990 0031427  18.4917 341.7370 13.73392984279435
TO-31                   
1 25396U 98043C   02093.93116646 -.00000044  00000-0  00000-0 0  7110
2 25396  98.6534 171.7420 0002291   7.7358 352.3862 14.23330204193912
GO-32                   
1 25397U 98043D   02091.65327627 -.00000054  00000-0 -48365-5 0  7518
2 25397  98.6518 168.7671 0001686  32.8737 327.2284 14.22804784193575
SO-33                   
1 25509U 98061B   02093.56490357  .00001280  00000-0  24837-3 0  5442
2 25509  31.4304 164.9830 0360616  21.0655 340.4433 14.26789969179425
PO-34                   
1 25520U 98064B   02094.38500748  .00006082  00000-0  33883-3 0  5430
2 25520  28.4621 192.7253 0006591 118.0740 242.0601 15.11531702189054
ISS (ZARYA)             
1 25544U 98067A   02094.58900463  .00051802  00000-0  63861-3 0  2626
2 25544  51.6381  62.7537 0003432 358.2871 169.2583 15.59666025192553
SO-35                   
1 25636U 99008C   02093.81836765  .00000742  00000-0  20437-3 0  5905
2 25636  96.4669 151.1817 0148457 270.4603  87.9576 14.42568713163563
UO-36                   
1 25693U 99021A   02094.50803106  .00001700  00000-0  27518-3 0  7828
2 25693  64.5576 269.0276 0017767 225.0282 134.9380 14.74390151159032
WO-39                   
1 26061U 00004A   02092.87599522  .00002304  00000-0  78928-3 0  5115
2 26061 100.2264  84.7699 0036321 107.2788 253.2371 14.37098658114317
OO-38                   
1 26063U 00004C   02093.97520445  .00000845  00000-0  31338-3 0  4815
2 26063 100.2282  84.8071 0037883 108.7115 251.8178 14.35216894114409
AO-37                   
1 26065U 00004E   02092.89017573  .00000858  00000-0  31793-3 0  4819
2 26065 100.2293  83.6036 0038231 112.6755 247.8474 14.35217214114235
SO-41                   
1 26545U 00057A   02093.82563992  .00003039  00000-0  43207-3 0  2708
2 26545  64.5589 296.6945 0056964 289.0602  70.4273 14.77615689 81814
MO-46                   
1 26548U 00057D   02093.62851150  .00003866  00000-0  52246-3 0  2739
2 26548  64.5575 293.4644 0052185 284.1226  75.4071 14.79519384 81865
SO-42                   
1 26549U 00057E   02093.63673769  .00002623  00000-0  38370-3 0  4306
2 26549  64.5530 299.7883 0059651 291.3802  68.0946 14.76608006 81738
AO-40                   
1 26609U 00072B   02090.46216354 -.00000270  00000-0  10000-3 0  2070
2 26609   7.3172 121.2429 7930287  35.6640 357.6825  1.25597059  6517
STARSHINE 3             
1 26929U 01043A   02093.65816234  .00052186  00000-0  10113-2 0  2279
2 26929  67.0475 271.1264 0010669 282.1275  77.8822 15.47352213 28536
NO-44                   
1 26931U 01043C   02093.82494447  .00000789  00000-0  34517-3 0  1523
2 26931  67.0458   1.1311 0006423 272.2411  87.7961 14.28806819 26524
NO-45                   
1 26932U 01043D   02093.85237073  .00000566  00000-0  25565-3 0  1545
2 26932  67.0528   0.9014 0004871 279.7341  80.3207 14.29074110 26545
RS-21                   
1 27394U 01051C   02094.38134620  .00324383  00000-0  27381-2 0   317
2 27394  51.6349  63.2114 0003665 179.1357 180.9103 15.68212647  2427
