GOES 2                  
1 10061U 77048A   02348.29393834 -.00000086  00000-0  00000+0 0   188
2 10061  14.1072  13.9503 0013653 191.4086 168.5564  0.99400918 38177
GOES 3                  
1 10953U 78062A   02348.12147728 -.00000081  00000-0  00000+0 0  8538
2 10953  13.3793  17.7371 0004242 339.9601  20.0159  1.00276862 42831
GOES 6                  
1 14050U 83041A   02348.24240013  .00000075  00000-0  10000-3 0  4046
2 14050  10.3169  35.9007 0002737 357.5651   2.3926  1.00281064129979
GOES 7                  
1 17561U 87022A   02347.65219263  .00000096  00000-0  10000-3 0  7727
2 17561   7.4820  55.9188 0005491 298.5519 149.1264  1.00300094 41073
GOES 8                  
1 23051U 94022A   02349.23071762 -.00000230  00000-0  00000+0 0  5197
2 23051   0.4638  97.4912 0002363 159.9136 194.7771  1.00270577 39157
GOES 9                  
1 23581U 95025A   02348.30566128 -.00000062  00000-0  00000+0 0  4317
2 23581   0.4965  95.6415 0006916 240.5930 110.1279  1.00272612 27708
GOES 10                 
1 24786U 97019A   02348.75659653  .00000110  00000-0  00000+0 0  4622
2 24786   0.0333 270.8042 0002104  10.2429 299.0977  1.00268078 20676
GOES 11                 
1 26352U 00022A   02348.42278262 -.00000030  00000-0  10000-3 0  9316
2 26352   0.0298 272.2156 0004850 339.9805 231.8542  1.00258894  9571
GOES 12                 
1 26871U 01031A   02349.42541535 -.00000070  00000-0  10000-3 0  7255
2 26871   0.3905  98.6075 0001859  75.1559 318.8399  1.00262429  5184
