IRIDIUM 8               
1 24792U 97020A   02094.49985937  .00000502  00000-0  17229-3 0  7800
2 24792  86.3942 119.1487 0002376  57.5934 302.5527 14.34220679257321
IRIDIUM 7               
1 24793U 97020B   02094.49350921  .00000282  00000-0  93794-4 0  7830
2 24793  86.3934 119.1852 0002347  61.1376 299.0058 14.34221174257328
IRIDIUM 6               
1 24794U 97020C   02093.58018099  .00001179  00000-0  41392-3 0  6883
2 24794  86.3924 119.5893 0002293  76.2045 283.9433 14.34224855257190
IRIDIUM 5               
1 24795U 97020D   02094.13200440 -.00000093  00000-0 -40369-4 0  8601
2 24795  86.3954 119.3735 0002263  61.5166 298.6264 14.34213666257356
IRIDIUM 4               
1 24796U 97020E   02093.87828525  .00000101  00000-0  28927-4 0  8101
2 24796  86.3937 119.3868 0002314  65.9066 294.2372 14.34217659257256
IRIDIUM 914             
1 24836U 97030A   02093.68852590  .00001196  00000-0  40218-3 0  5417
2 24836  86.3968 149.8495 0002475  31.2926 328.8423 14.36382528251073
IRIDIUM 12              
1 24837U 97030B   02094.56670628  .00000223  00000-0  72681-4 0  8015
2 24837  86.3997 150.6752 0002394  55.9962 304.1482 14.34219912251082
IRIDIUM 9               
1 24838U 97030C   02093.61676399  .00041875  00000-0  14003-2 0  8696
2 24838  86.4259 124.7910 0059332 210.2939 149.4887 15.29089548255142
IRIDIUM 10              
1 24839U 97030D   02093.71679980  .00001005  00000-0  35188-3 0  7831
2 24839  86.3986 151.0372 0002198  67.0432 293.0996 14.34223840250971
IRIDIUM 13              
1 24840U 97030E   02094.57304703  .00000025  00000-0  17390-5 0  7733
2 24840  86.4015 150.6969 0002319  53.2504 306.8876 14.34218766251080
IRIDIUM 16              
1 24841U 97030F   02094.23689277  .00000237  00000-0  77707-4 0  7944
2 24841  86.4016 150.8912 0002419  52.1268 308.0141 14.34219158251038
IRIDIUM 911             
1 24842U 97030G   02093.87218317  .00001591  00000-0  48126-3 0  6087
2 24842  86.4501 153.6086 0016303 119.3634 240.9196 14.41738878251881
IRIDIUM 15              
1 24869U 97034A   02094.35447806  .00000081  00000-0  21697-4 0  7743
2 24869  86.4037 182.3097 0002431  58.0690 302.0740 14.34219458248020
IRIDIUM 17              
1 24870U 97034B   02094.27836357  .00000262  00000-0  86464-4 0  7877
2 24870  86.4033 182.3702 0002395  55.2004 304.9393 14.34221262248018
IRIDIUM 920             
1 24871U 97034C   02094.59743554  .00001506  00000-0  50233-3 0  5491
2 24871  86.4029 181.2273 0010350 204.0454 156.0261 14.36912732248255
IRIDIUM 18              
1 24872U 97034D   02094.17688685  .00000416  00000-0  14163-3 0  7896
2 24872  86.4039 182.4284 0002534  40.0410 320.0951 14.34221036247994
IRIDIUM 921             
1 24873U 97034E   02094.58955009  .00007136  00000-0  74466-3 0  6762
2 24873  86.3872 125.5328 0007647 289.2076  70.8308 14.89590214256118
IRIDIUM 26              
1 24903U 97043A   02094.44227105  .00000186  00000-0  59409-4 0  8389
2 24903  86.3959  55.9597 0002487  82.7482 277.3996 14.34218454241974
IRIDIUM 25              
1 24904U 97043B   02093.98559705  .00000677  00000-0  23450-3 0  7966
2 24904  86.3944  56.1390 0002492  77.1587 282.9885 14.34222909241871
IRIDIUM 46              
1 24905U 97043C   02093.99828403  .00000975  00000-0  34107-3 0  8099
2 24905  86.3928  56.1829 0002265  77.2177 282.9272 14.34224642241882
IRIDIUM 23              
1 24906U 97043D   02094.39152980  .00000265  00000-0  87530-4 0  8119
2 24906  86.3943  55.9364 0002260  72.0248 288.1172 14.34219224241942
IRIDIUM 22              
1 24907U 97043E   02093.96656910  .00000827  00000-0  28801-3 0  7819
2 24907  86.3972  56.1752 0002817 108.5253 251.6226 14.34224503241882
DUMMY MASS 1            
1 24925U 97048A   02093.97575657  .00001333  00000-0  16157-3 0  4364
2 24925  86.3307  78.9228 0006436 179.4606 180.6622 14.82802674248022
DUMMY MASS 2            
1 24926U 97048B   02093.92976684  .00001324  00000-0  16122-3 0  5111
2 24926  86.3309  79.1841 0006841 184.6021 175.5148 14.82593712247988
IRIDIUM 29              
1 24944U 97051A   02094.53449328  .00000026  00000-0  23838-5 0  7533
2 24944  86.3918  87.5281 0002447  75.0455 285.1011 14.34216432238533
IRIDIUM 32              
1 24945U 97051B   02094.06513499  .00000364  00000-0  12306-3 0  7534
2 24945  86.3915  87.7235 0002346  71.0912 289.0535 14.34220033238484
IRIDIUM 33              
1 24946U 97051C   02094.07148336  .00000146  00000-0  44947-4 0  7243
2 24946  86.3913  87.7111 0002302  72.5670 287.5778 14.34218437238471
IRIDIUM 28              
1 24948U 97051E   02094.38860554  .00000186  00000-0  59179-4 0  6608
2 24948  86.3904  87.5899 0002580  95.1844 264.9615 14.34220732238500
IRIDIUM 30              
1 24949U 97051F   02094.05245439  .00000252  00000-0  83057-4 0  7643
2 24949  86.3916  87.7364 0002401  72.1465 287.9991 14.34218394238467
IRIDIUM 31              
1 24950U 97051G   02093.98902390  .00000240  00000-0  78684-4 0  7795
2 24950  86.3918  87.7499 0002397  67.2295 292.9168 14.34219472238460
IRIDIUM 19              
1 24965U 97056A   02094.59499881  .00000242  00000-0  79253-4 0  7661
2 24965  86.3962 119.0682 0002316  66.9701 293.1739 14.34218679236695
IRIDIUM 35              
1 24966U 97056B   02094.11930457  .00000182  00000-0  58054-4 0  7983
2 24966  86.3944 119.3074 0002290  61.4426 298.7000 14.34217848236609
IRIDIUM 36              
1 24967U 97056C   02093.00935222  .00000019  00000-0 -10537-6 0  7566
2 24967  86.3960 119.7759 0002242  57.8774 302.2639 14.34216431236587
IRIDIUM 37              
1 24968U 97056D   02094.58231512  .00000125  00000-0  37654-4 0  7926
2 24968  86.3943 119.1319 0002261  64.4428 295.7009 14.34217227236677
IRIDIUM 34              
1 24969U 97056E   02094.53157195  .00000189  00000-0  60532-4 0  7602
2 24969  86.3948 119.1249 0002199  60.8410 299.3013 14.34218087236665
IRIDIUM 43              
1 25039U 97069A   02094.24031427  .00000237  00000-0  77604-4 0  7479
2 25039  86.4046 182.4111 0002364  54.0075 306.1328 14.34219760230402
IRIDIUM 41              
1 25040U 97069B   02094.23397184  .00000096  00000-0  27231-4 0  7514
2 25040  86.4034 182.3841 0002381  47.8248 312.3144 14.34218584230409
IRIDIUM 40              
1 25041U 97069C   02094.18956592  .00000997  00000-0  34878-3 0  7360
2 25041  86.4037 182.4134 0002353  47.2626 312.8672 14.34227044230415
IRIDIUM 39              
1 25042U 97069D   02093.77730297  .00000723  00000-0  25101-3 0  7419
2 25042  86.4028 182.5744 0002633  37.5278 322.6096 14.34223534230330
IRIDIUM 38              
1 25043U 97069E   02093.94855651  .00000122  00000-0  36528-4 0  7599
2 25043  86.4034 182.4567 0002298  54.4034 305.7375 14.34218527230401
IRIDIUM 42              
1 25077U 97077A   02094.18321869  .00000820  00000-0  28567-3 0  7689
2 25077  86.4031 182.4388 0002620  43.2203 316.9195 14.34226323226254
IRIDIUM 44              
1 25078U 97077B   02093.96840999  .00001006  00000-0  34144-3 0  4597
2 25078  86.4040 181.8877 0004055  77.5924 282.5724 14.35750521226243
IRIDIUM 45              
1 25104U 97082A   02093.92217763  .00000359  00000-0  12119-3 0  7261
2 25104  86.3963  56.2013 0002332  72.3159 287.8291 14.34219724224410
IRIDIUM 24              
1 25105U 97082B   02093.96112304  .00001980  00000-0  66303-3 0  5028
2 25105  86.3908  54.6015 0010179 216.6310 143.4189 14.36894045224548
IRIDIUM 47              
1 25106U 97082C   02093.93485880  .00000265  00000-0  87633-4 0  7081
2 25106  86.3955  56.2005 0002539  79.5517 280.5948 14.34220444224410
IRIDIUM 49              
1 25108U 97082E   02093.94754944  .00000080  00000-0  21497-4 0  7131
2 25108  86.3951  56.1480 0002555  81.7107 278.4379 14.34217574224427
IRIDIUM 52              
1 25169U 98010A   02094.18614930 -.00000474  00000-0 -17647-3 0  6125
2 25169  86.3970 150.8710 0002350  65.7668 294.3616 14.34216283215865
IRIDIUM 56              
1 25170U 98010B   02093.69143065  .00000211  00000-0  68271-4 0  1669
2 25170  86.3998 151.0638 0002252  55.3885 304.7527 14.34219322215770
IRIDIUM 54              
1 25171U 98010C   02094.21152419  .00000254  00000-0  83478-4 0  7302
2 25171  86.4003 150.8577 0002244  56.6534 303.4889 14.34219326216013
IRIDIUM 50              
1 25172U 98010D   02094.52230616  .00000399  00000-0  13556-3 0  7043
2 25172  86.4012 150.7081 0002451  48.7818 311.3587 14.34221287215897
IRIDIUM 53              
1 25173U 98010E   02094.19249765  .00000255  00000-0  83848-4 0  6897
2 25173  86.4010 150.8525 0002206  55.5059 304.6346 14.34218561215856
IRIDIUM 51              
1 25262U 98018A   02094.54439234  .00000973  00000-0  28387-3 0  7484
2 25262  86.4463 119.1128 0002332  59.0391 301.1020 14.43159597211997
IRIDIUM 61              
1 25263U 98018B   02093.82120036  .00000293  00000-0  97577-4 0  6710
2 25263  86.3948 119.4536 0002368  58.3037 301.8386 14.34219105210891
IRIDIUM 55              
1 25272U 98019A   02094.52180614  .00000082  00000-0  22091-4 0  6880
2 25272  86.3925  87.4979 0002318  69.6228 290.5215 14.34217739210192
IRIDIUM 57              
1 25273U 98019B   02094.49643292  .00000290  00000-0  96387-4 0  6816
2 25273  86.3923  87.5760 0002390  76.4396 283.7071 14.34219549210197
IRIDIUM 58              
1 25274U 98019C   02093.52601829  .00000780  00000-0  27140-3 0  6016
2 25274  86.3914  88.0017 0002473  88.6327 271.5155 14.34221225210057
IRIDIUM 59              
1 25275U 98019D   02094.02074142  .00000295  00000-0  98378-4 0  5848
2 25275  86.3924  87.7396 0002278  79.6276 280.5172 14.34218346210128
IRIDIUM 60              
1 25276U 98019E   02093.95732060  .00000051  00000-0  11281-4 0  7244
2 25276  86.3921  87.8129 0002261  66.9528 293.2013 14.34216344210112
IRIDIUM 62              
1 25285U 98021A   02093.84898014  .00000807  00000-0  28118-3 0  6960
2 25285  86.3979  24.5995 0002439  83.2568 276.8870 14.34223803209054
IRIDIUM 63              
1 25286U 98021B   02094.20416481  .00000324  00000-0  10847-3 0  6892
2 25286  86.4010  24.4723 0002383  72.7556 287.3898 14.34220901209107
IRIDIUM 64              
1 25287U 98021C   02093.86167219  .00000331  00000-0  11116-3 0  6748
2 25287  86.4013  24.6037 0002573  77.5236 282.6254 14.34219783209032
IRIDIUM 65              
1 25288U 98021D   02094.35638615  .00001018  00000-0  35619-3 0  6801
2 25288  86.3997  24.3815 0002398  72.1525 287.9930 14.34226009209129
IRIDIUM 66              
1 25289U 98021E   02093.87435688  .00000110  00000-0  32188-4 0  6859
2 25289  86.4002  24.5449 0002511  78.3762 281.7711 14.34218165209056
IRIDIUM 67              
1 25290U 98021F   02093.88069304 -.00000028  00000-0 -17208-4 0  5822
2 25290  86.4013  24.5832 0002546  99.7955 260.3406 14.34219342209068
IRIDIUM 68              
1 25291U 98021G   02094.30565127  .00000097  00000-0  27628-4 0  6771
2 25291  86.4007  24.4264 0002473  82.5582 277.5882 14.34218613209096
IRIDIUM 69              
1 25319U 98026A   02093.96015761  .00001916  00000-0  65564-3 0  5367
2 25319  86.3970  56.4074 0004410  91.7987 268.3715 14.35800270205370
IRIDIUM 71              
1 25320U 98026B   02093.94334536  .00001650  00000-0  55582-3 0  4218
2 25320  86.3946  55.3896 0002095 136.3993 223.7369 14.36505724205495
IRIDIUM 70              
1 25342U 98032A   02093.91240898  .00000215  00000-0  69769-4 0  6900
2 25342  86.4009  24.6018 0002520  79.3704 280.7768 14.34220103203143
IRIDIUM 72              
1 25343U 98032B   02094.38810143  .00000366  00000-0  12374-3 0  6703
2 25343  86.4013  24.3540 0002164  77.8107 282.3323 14.34222798203215
IRIDIUM 73              
1 25344U 98032C   02094.20846122  .00002035  00000-0  57040-3 0  5412
2 25344  86.4464  23.0634 0002080  92.4586 267.6856 14.45632465204336
IRIDIUM 74              
1 25345U 98032D   02093.19570724  .00000020  00000-0 -45475-7 0  6846
2 25345  86.4006  24.8808 0002594  83.4212 276.7284 14.34216095203045
IRIDIUM 75              
1 25346U 98032E   02094.53398374  .00000389  00000-0  13166-3 0  6716
2 25346  86.4017  24.3436 0002393  66.4346 293.7097 14.34220752203806
IRIDIUM 3               
1 25431U 98048A   02094.44861229  .00000117  00000-0  34676-4 0  6485
2 25431  86.3944  55.9676 0002314  79.5674 280.5781 14.34218564189734
IRIDIUM 76              
1 25432U 98048B   02093.97926020  .00000646  00000-0  22340-3 0  6182
2 25432  86.3934  56.0802 0002472  72.0627 288.0835 14.34221386189658
IRIDIUM 82              
1 25467U 98051A   02094.22354493  .00000738  00000-0  16673-3 0  7659
2 25467  86.5229 182.2948 0002383  72.8786 287.2650 14.54944885189613
IRIDIUM 81              
1 25468U 98051B   02094.57012350  .00000352  00000-0  11850-3 0  6351
2 25468  86.4036 182.2192 0002236  60.8426 299.2992 14.34222032186974
IRIDIUM 80              
1 25469U 98051C   02094.20225470  .00000200  00000-0  64254-4 0  6327
2 25469  86.4046 182.3540 0002327  60.8444 299.2933 14.34220208186928
IRIDIUM 77              
1 25471U 98051E   02094.58460630  .00000131  00000-0  25492-4 0  7516
2 25471  86.5221 182.1583 0002382  61.4034 298.7411 14.54940665189639
IRIDIUM 2               
1 25527U 98066A   02094.18417842  .00007986  00000-0  83735-3 0  6941
2 25527  85.5672 333.2030 0010607 187.7526 172.3537 14.89382523184927
IRIDIUM 86              
1 25528U 98066B   02093.87672304  .00000135  00000-0  26483-4 0  7402
2 25528  86.5187 150.8556 0002318  59.8219 300.3215 14.54876288181105
IRIDIUM 84              
1 25530U 98066D   02094.54767680  .00000212  00000-0  68569-4 0  4967
2 25530  86.4000 150.7629 0002250  66.5023 293.6404 14.34219742181135
IRIDIUM 83              
1 25531U 98066E   02094.23054976  .00000101  00000-0  29067-4 0  6050
2 25531  86.3999 150.8211 0002216  55.4987 304.6412 14.34217886178447
IRIDIUM 11              
1 25577U 98074A   02094.08073706  .00000339  00000-0  11409-3 0  6079
2 25577  86.3942  56.0665 0002511  83.6639 276.4841 14.34221692172503
IRIDIUM 20              
1 25578U 98074B   02094.22353944  .00000214  00000-0  44870-4 0  6948
2 25578  86.5160  55.9637 0004958 155.1091 205.0355 14.54939527175000
IRIDIUM 14              
1 25777U 99032A   02094.35745128 -.00000186  00000-0 -48230-4 0  6255
2 25777  86.5181  24.3229 0003391 100.2005 259.9576 14.54936423149407
IRIDIUM 21              
1 25778U 99032B   02093.87840799  .00000118  00000-0  22833-4 0  6021
2 25778  86.5184  24.5549 0002531  78.5909 281.5579 14.54074081149309
IRIDIUM 90              
1 27372U 02005A   02093.95876720  .00000181  00000-0  28111-4 0   635
2 27372  86.5748  87.8663 0020078  76.5418 283.8033 14.66606986  7519
IRIDIUM 91              
1 27373U 02005B   02093.95256558  .00000196  00000-0  30900-4 0   610
2 27373  86.5750  87.8601 0013317  65.8975 294.3629 14.66606148  7510
IRIDIUM 94              
1 27374U 02005C   02093.96495027  .00000328  00000-0  54708-4 0   662
2 27374  86.5749  87.8563 0010174  69.6612 290.5688 14.66607456  7510
IRIDIUM 95              
1 27375U 02005D   02093.97116537  .00000508  00000-0  87139-4 0   563
2 27375  86.5741  87.8553 0013204  76.4642 283.8101 14.66606012  7510
IRIDIUM 96              
1 27376U 02005E   02093.97734841  .00000266  00000-0  43595-4 0   545
2 27376  86.5733  87.8446 0013112  53.7871 306.4521 14.66606214  7515
