SARSAT 3 (NOAA 10)      
1 16969U 86073A   02094.03423347  .00000776  00000-0  33795-3 0  2753
2 16969  98.7064  84.2916 0011630 303.3820  56.6247 14.26826800808190
SARSAT 4 (NOAA 11)      
1 19531U 88089A   02093.99161628  .00000544  00000-0  30811-3 0  1056
2 19531  98.9258 170.9523 0012301  34.6192 325.5779 14.14305705697483
COSPAS 4 (NADEZHDA 1)   
1 20103U 89050A   02093.75618067  .00000168  00000-0  16256-3 0  5750
2 20103  82.9616 347.5323 0036080 278.1215  81.5839 13.74148952639321
COSPAS 6 (NADEZHDA 3)   
1 21152U 91019A   02093.83851524  .00000040  00000-0  26136-4 0  2585
2 21152  82.9332  17.7415 0041390 211.4373 148.4325 13.73838629554330
GOES 8                  
1 23051U 94022A   02093.42519988 -.00000267  00000-0  00000+0 0  1311
2 23051   0.1618 276.3807 0002818 133.1557 220.3536  1.00266133 36581
SARSAT 6 (NOAA 14)      
1 23455U 94089A   02094.03131643  .00000618  00000-0  35615-3 0  1298
2 23455  99.1941  99.0161 0010014  53.5660 306.6432 14.13077702374203
GOES 9                  
1 23581U 95025A   02092.45324880 -.00000104  00000-0  00000+0 0   364
2 23581   0.1306 280.7678 0010619  74.1505 253.5556  1.00268931 25130
GOES 10                 
1 24786U 97019A   02094.12927966  .00000000  00000-0  10000-3 0   917
2 24786   0.2620  99.3096 0004425 324.4455  39.6260  1.00277788 18125
SARSAT 7 (NOAA 15)      
1 25338U 98030A   02094.00961507  .00000640  00000-0  29725-3 0  5998
2 25338  98.5761 119.4609 0010897 166.2618 193.8860 14.23984984202173
COSPAS 8 (NADEZHDA 5)   
1 25567U 98072A   02093.99222764  .00000143  00000-0  14224-3 0  3253
2 25567  82.9440 115.9578 0026135 151.3707 208.8891 13.71486022165902
NADEZHDA 6              
1 26384U 00033A   02093.88748536  .00002686  00000-0  54392-3 0  4625
2 26384  98.2131  49.6383 0017319 148.2919 211.9329 14.62006494 94058
NOAA 16                 
1 26536U 00055A   02093.81315690  .00000817  00000-0  47336-3 0  7630
2 26536  98.8639  40.2691 0011553 131.3803 228.8313 14.11622157 78892
