NOAA 9                  
1 15427U 84123A   02348.53636061  .00000158  00000-0  10372-3 0  6698
2 15427  98.6802  53.0227 0015363  50.8492 309.4042 14.14994150928806
NOAA 10                 
1 16969U 86073A   02348.92122103  .00000301  00000-0  14194-3 0  5938
2 16969  98.7242 338.1933 0011676 279.4565  80.5296 14.27028544844546
NOAA 11                 
1 19531U 88089A   02348.86991476  .00000314  00000-0  18688-3 0  4312
2 19531  98.9096  65.4428 0012184  32.0645 328.1265 14.14499193733518
NOAA 12                 
1 21263U 91032A   02348.90511896  .00000537  00000-0  24758-3 0  8976
2 21263  98.6197 334.6756 0012179 210.1803 149.8676 14.25022126601862
NOAA 14                 
1 23455U 94089A   02348.84604675  .00000260  00000-0  16363-3 0  4520
2 23455  99.1897   0.6833 0009975  55.9503 304.2614 14.13265865410197
NOAA 15                 
1 25338U 98030A   02348.91136892  .00000295  00000-0  14654-3 0  9345
2 25338  98.5535   7.8349 0010758 144.1286 216.0618 14.24206521238459
NOAA 16                 
1 26536U 00055A   02348.74669366  .00000603  00000-0  35453-3 0  1248
2 26536  98.8923 292.5470 0011017 128.3773 231.8390 14.11859717114863
NOAA 17                 
1 27453U 02032A   02348.83480071  .00000462  00000-0  22381-3 0  2327
2 27453  98.7666  55.3583 0011582 183.4668 176.6430 14.23242955 24614
