METEOSAT 5 (MOP 2)      
1 21140U 91015B   08111.10424330 -.00000216  00000-0  10000-3 0  2999
2 21140   9.9723  53.4868 0004812 143.6469 216.3173  0.98453710 64912
METEOSAT 6              
1 22912U 93073B   08111.63519775 -.00000012  00000-0  10000-3 0  4906
2 22912   7.3671  64.8127 0001400 267.9884 172.2796  1.00269487 51231
GMS 5                   
1 23522U 95011B   08112.00795843  .00000091  00000-0  10000-3 0  7440
2 23522   6.4926  67.7547 0006864 310.6280  49.2680  0.99404941 47744
GOES 10                 
1 24786U 97019A   08112.29567225 -.00000278  00000-0  10000-3 0  3696
2 24786   2.5719  80.0275 0001710 321.1342 215.1347  1.00278879 40278
ORBVIEW 2 (SEASTAR)     
1 24883U 97037A   08112.44452585  .00000049  00000-0  20009-4 0  2823
2 24883  98.2969 228.8433 0002596  81.2939 278.8547 14.59936104570908
METEOSAT-7              
1 24932U 97049B   08110.02207082  .00000066  00000-0  10000-3 0  3631
2 24932   4.1425  74.7420 0000542 291.9364 266.2988  1.00274581 38939
NOAA 15                 
1 25338U 98030A   08112.19020159 -.00000154  00000-0 -47685-4 0  4384
2 25338  98.5524 105.5040 0010092 203.4185 156.6522 14.24695382516683
GOES 11                 
1 26352U 00022A   08112.60649236  .00000091  00000-0  10000-3 0  7835
2 26352   0.3037  87.2286 0000984 239.5846 326.7779  1.00283522 29177
FENGYUN 2B              
1 26382U 00032A   08110.48802995  .00000114  00000-0  10000-3 0   431
2 26382   3.2724  77.7655 0004489 185.6576 174.4630  1.00070229 28625
NOAA 16                 
1 26536U 00055A   08112.18380685 -.00000182  00000-0 -73362-4 0  9047
2 26536  99.1537 100.1183 0011075  29.7039 330.4781 14.12475170390725
GOES 12                 
1 26871U 01031A   08112.36267969 -.00000246  00000-0  00000+0 0  5290
2 26871   0.1570 259.3849 0003995 166.7002 199.2881  1.00284764 24777
FENGYUN 1D              
1 27431U 02024B   08112.06191350  .00000325  00000-0  21018-3 0   796
2 27431  98.6020 114.0785 0015216 169.2468 190.9036 14.09269866305356
NOAA 17                 
1 27453U 02032A   08112.48826605  .00000233  00000-0  11990-3 0  8988
2 27453  98.5383 178.7464 0010759 273.0099  86.9854 14.23967417302737
METEOSAT-8              
1 27509U 02040B   08112.10518362  .00000066  00000-0  00000+0 0  7288
2 27509   0.4677  16.8759 0001010 278.1820 318.2600  1.00413732 20761
METSAT 1                
1 27525U 02043A   08111.93407392 -.00000073  00000-0  10000-3 0  3751
2 27525   0.0613 115.7159 0004020 191.0934 312.8094  1.00272074 20568
INSAT 3A                
1 27714U 03013A   08112.77579449 -.00000253  00000-0  10000-3 0   662
2 27714   0.0663  76.7158 0004040 249.2449 257.0072  1.00271321 18474
FENGYUN 2C              
1 28451U 04042A   08112.21552079 -.00000322  00000-0  10000-3 0  9568
2 28451   2.4972  74.3548 0001688  73.3028 243.6588  1.00264025 12811
HIMAWARI 6              
1 28622U 05006A   08111.15252417 -.00000279  00000-0  10000-3 0  5943
2 28622   0.0696  43.5944 0001086 184.2480 175.7150  1.00269249 11511
NOAA 18                 
1 28654U 05018A   08112.54321417  .00000226  00000-0  14973-3 0  4024
2 28654  98.8650  54.1797 0015090 111.7422 248.5357 14.11155427150482
METEOSAT-9              
1 28912U 05049B   08105.92942058 -.00000017  00000-0  00000+0 0  3681
2 28912   0.6556 242.0677 0001065 187.5592 108.7573  1.00275980  8554
MTSAT-2                 
1 28937U 06004A   08111.65282796 -.00000240  00000-0  10000-3 0  4003
2 28937   0.0143 248.4613 0003340 128.8994 211.7546  1.00270543  7991
FORMOSAT 3A             
1 29047U 06011A   08112.30767347 -.00000068  00000-0 -11093-4 0  6541
2 29047  71.9805 159.8775 0051763 151.7408 208.6582 14.27059506107541
FORMOSAT 3B             
1 29048U 06011B   08112.19948268  .00000389  00000-0  17471-3 0  6888
2 29048  71.9686  76.0447 0043783 100.6038 260.0023 14.27046455110006
FORMOSAT 3C             
1 29049U 06011C   08111.93754427  .00000361  00000-0  16364-3 0  6264
2 29049  72.0219 223.2540 0036202 168.2784 191.9193 14.27054810105746
FORMOSAT 3D             
1 29050U 06011D   08112.17314988  .00001093  00000-0  26646-3 0  9043
2 29050  72.0083  80.0157 0051113  84.0886 276.6047 14.53874852109902
FORMOSAT 3E             
1 29051U 06011E   08113.09022815  .00000372  00000-0  16522-3 0  6904
2 29051  72.0041 130.6636 0068636  31.0564 329.4564 14.27052099108490
FORMOSAT 3F             
1 29052U 06011F   08112.22743865  .00000359  00000-0  16273-3 0  7059
2 29052  72.0381 193.0292 0041176 138.5754 221.8511 14.27061934106676
GOES 13                 
1 29155U 06018A   08112.41763025 -.00000083  00000-0  10000-3 0  4033
2 29155   0.1751  80.1697 0001299 239.8270 294.9898  1.00272075  7023
METOP-A                 
1 29499U 06044A   08112.90534886  .00000083  00000-0  57905-4 0  4785
2 29499  98.7266 172.6248 0001204  64.5554 295.5706 14.21473432 78166
FENGYUN 2D              
1 29640U 06053A   08112.58359027 -.00000195  00000-0  10000-3 0  3552
2 29640   1.3429 263.2686 0000210  78.1531 165.2564  1.00276499  5072
